{
  "nbformat": 4,
  "nbformat_minor": 0,
  "metadata": {
    "colab": {
      "provenance": []
    },
    "kernelspec": {
      "name": "python3",
      "display_name": "Python 3"
    },
    "language_info": {
      "name": "python"
    }
  },
  "cells": [
    {
      "cell_type": "markdown",
      "source": [
        "# Proposal"
      ],
      "metadata": {
        "id": "cSOya3-bw0II"
      }
    },
    {
      "cell_type": "markdown",
      "source": [
        "1. Introduction\n",
        "\n",
        "Introduction\n",
        "\n",
        "The rapid growth of digital information has resulted in a significant increase in the availability of textual data across multiple domains, including health and mental health research. Articles, reports, and online publications discussing mental health contain valuable insights regarding psychological conditions, treatments, public awareness, and emotional well-being. However, the large volume of unstructured text makes manual analysis inefficient and impractical. Consequently, Natural Language Processing (NLP) and machine learning techniques provide effective tools for extracting meaningful patterns, relationships, and insights from such textual data.\n",
        "\n",
        "This study applies machine learning–based text analysis methods to explore and model a collection of mental health–related articles. The goal is to transform raw textual information into structured representations that allow computational analysis, discovery of underlying patterns, and predictive modelling. The workflow follows a structured analytical pipeline beginning with data exploration, followed by text preprocessing and feature engineering, and subsequently applying machine learning techniques for similarity analysis, clustering, and classification.\n",
        "\n",
        "The first stage of the analysis involves Exploratory Data Analysis (EDA) of the textual dataset. This step examines the structure and characteristics of the data, including document lengths, vocabulary distribution, and frequently occurring words or phrases. EDA provides an initial understanding of the dataset and helps identify patterns that may influence the modelling process.\n",
        "\n",
        "Following exploration, the text data is prepared through preprocessing techniques such as tokenization, normalization, stop-word removal, and other cleaning procedures. These steps reduce noise in the dataset and ensure that only meaningful textual information is retained for further analysis. The cleaned text is then converted into numerical representations using feature engineering methods such as Bag-of-Words and Term Frequency–Inverse Document Frequency (TF-IDF). These representations enable machine learning algorithms to interpret textual information quantitatively.\n",
        "\n",
        "Once the textual data is represented numerically, text similarity analysis is performed to measure how closely related different documents are based on their content. Similarity measures such as cosine similarity allow the identification of articles discussing comparable mental health themes or topics. This step provides insight into relationships within the dataset and supports the identification of related information sources.\n",
        "\n",
        "The study also applies unsupervised machine learning techniques, particularly clustering algorithms, to discover hidden structures in the dataset. Clustering groups articles with similar linguistic patterns or thematic content without relying on predefined labels. This allows the identification of natural topic groupings within the mental health literature, such as discussions about anxiety, depression, therapy approaches, or mental health awareness.\n",
        "\n",
        "In addition to unsupervised analysis, supervised machine learning models are used for text classification, where algorithms are trained to categorize documents based on their textual features. Classification models learn patterns from labelled data and attempt to predict the category or topic of unseen documents. By comparing multiple machine learning models, the study evaluates how effectively different algorithms can classify mental health articles based on their linguistic characteristics.\n",
        "\n",
        "Overall, this machine learning framework demonstrates how NLP techniques can transform unstructured mental health text into actionable insights. Through the integration of exploratory analysis, similarity measurement, clustering, and predictive classification, the study highlights the potential of machine learning methods for understanding patterns in mental health–related textual data and supporting data-driven research in the field."
      ],
      "metadata": {
        "id": "wZhItK_6w0OG"
      }
    },
    {
      "cell_type": "markdown",
      "source": [
        "# 2. Data Collection\n"
      ],
      "metadata": {
        "id": "ACeMOkapw0R_"
      }
    },
    {
      "cell_type": "code",
      "source": [],
      "metadata": {
        "id": "6OAXncCo1QjD"
      },
      "execution_count": 2,
      "outputs": []
    },
    {
      "cell_type": "code",
      "execution_count": 3,
      "metadata": {
        "colab": {
          "base_uri": "https://localhost:8080/"
        },
        "id": "ed14fceb-ae68-4391-876c-36b34dd8e967",
        "outputId": "a99afb96-9e95-403c-afd5-c8d587d01280"
      },
      "outputs": [
        {
          "output_type": "stream",
          "name": "stderr",
          "text": [
            "<>:94: SyntaxWarning: invalid escape sequence '\\ '\n",
            "<>:94: SyntaxWarning: invalid escape sequence '\\ '\n",
            "/tmp/ipykernel_350/923602912.py:94: SyntaxWarning: invalid escape sequence '\\ '\n",
            "  print(\"\\n \\ PHASE 0 COMPLETE: Environment is fully configured and ready.\")\n"
          ]
        },
        {
          "output_type": "stream",
          "name": "stdout",
          "text": [
            "Installing missing packages: pymupdf, pypdf...\n",
            "Downloading NLTK resources...\n",
            "Loading SpaCy NLP model...\n",
            "\n",
            " \\ PHASE 0 COMPLETE: Environment is fully configured and ready.\n"
          ]
        }
      ],
      "source": [
        "# ==========================================\n",
        "# PHASE 0: SETUP, LIBRARIES & ENVIRONMENT CONFIGURATION\n",
        "# ==========================================\n",
        "\n",
        "import sys\n",
        "import subprocess\n",
        "import pkg_resources\n",
        "import os\n",
        "import re\n",
        "import warnings\n",
        "\n",
        "# --- 1. AUTO-INSTALL MISSING DEPENDENCIES ---\n",
        "# This must run BEFORE importing third-party libraries to prevent crashes\n",
        "required_packages = {\n",
        "    'pypdf', 'pymupdf', 'spacy', 'wordcloud', 'plotly',\n",
        "    'scipy', 'networkx', 'scikit-learn', 'nltk', 'pandas'\n",
        "}\n",
        "installed_packages = {pkg.key for pkg in pkg_resources.working_set}\n",
        "missing_packages = required_packages - installed_packages\n",
        "\n",
        "if missing_packages:\n",
        "    print(f\"Installing missing packages: {', '.join(missing_packages)}...\")\n",
        "    subprocess.check_call([sys.executable, \"-m\", \"pip\", \"install\", *missing_packages, \"-q\"])\n",
        "\n",
        "# --- 2. DATA SCIENCE & MATH ---\n",
        "import pandas as pd\n",
        "import numpy as np\n",
        "from scipy.ndimage import gaussian_filter1d\n",
        "from scipy.cluster.hierarchy import dendrogram, linkage\n",
        "import heapq\n",
        "from itertools import combinations\n",
        "\n",
        "# --- 3. NLP & TEXT PROCESSING ---\n",
        "import spacy\n",
        "import nltk\n",
        "from nltk.tokenize import word_tokenize\n",
        "from nltk.corpus import stopwords\n",
        "from nltk.stem import WordNetLemmatizer\n",
        "from nltk.text import Text\n",
        "from nltk.sentiment import SentimentIntensityAnalyzer\n",
        "\n",
        "# --- 4. VISUALIZATION ---\n",
        "import matplotlib.pyplot as plt\n",
        "from matplotlib.lines import Line2D\n",
        "import seaborn as sns\n",
        "import plotly.express as px\n",
        "import plotly.graph_objects as go\n",
        "from wordcloud import WordCloud\n",
        "\n",
        "# --- 5. NETWORK ANALYSIS ---\n",
        "import networkx as nx\n",
        "from networkx.algorithms import community\n",
        "\n",
        "# --- 6. MACHINE LEARNING ---\n",
        "from sklearn.feature_extraction.text import CountVectorizer, TfidfVectorizer\n",
        "from sklearn.decomposition import LatentDirichletAllocation, PCA\n",
        "from sklearn.cluster import KMeans\n",
        "from sklearn.metrics.pairwise import cosine_similarity\n",
        "from sklearn.metrics import silhouette_score, davies_bouldin_score, classification_report\n",
        "from sklearn.model_selection import train_test_split, GridSearchCV, StratifiedKFold, LeaveOneOut, cross_val_score\n",
        "from sklearn.linear_model import LogisticRegression\n",
        "from sklearn.preprocessing import LabelEncoder, StandardScaler\n",
        "from sklearn.pipeline import Pipeline\n",
        "\n",
        "# --- 7. PDF PROCESSING & UTILS ---\n",
        "import fitz  # PyMuPDF\n",
        "from pypdf import PdfReader\n",
        "try:\n",
        "    from google.colab import drive\n",
        "    IN_COLAB = True\n",
        "except ImportError:\n",
        "    IN_COLAB = False\n",
        "\n",
        "# --- 8. CONFIGURATION & DOWNLOADS ---\n",
        "# Suppress annoying warnings\n",
        "warnings.filterwarnings(\"ignore\", category=UserWarning)\n",
        "warnings.filterwarnings(\"ignore\", category=FutureWarning)\n",
        "\n",
        "print(\"Downloading NLTK resources...\")\n",
        "nltk.download('punkt', quiet=True)\n",
        "nltk.download('punkt_tab', quiet=True)\n",
        "nltk.download('stopwords', quiet=True)\n",
        "nltk.download('wordnet', quiet=True)\n",
        "nltk.download('vader_lexicon', quiet=True)\n",
        "\n",
        "print(\"Loading SpaCy NLP model...\")\n",
        "try:\n",
        "    nlp = spacy.load(\"en_core_web_sm\")\n",
        "except (ImportError, OSError):\n",
        "    print(\"SpaCy model not found. Downloading...\")\n",
        "    subprocess.check_call([sys.executable, \"-m\", \"spacy\", \"download\", \"en_core_web_sm\", \"-q\"])\n",
        "    nlp = spacy.load(\"en_core_web_sm\")\n",
        "\n",
        "print(\"\\n \\ PHASE 0 COMPLETE: Environment is fully configured and ready.\")"
      ]
    },
    {
      "cell_type": "markdown",
      "source": [
        "Import Library"
      ],
      "metadata": {
        "id": "aDDGiopH1ZpC"
      }
    },
    {
      "cell_type": "code",
      "execution_count": 4,
      "metadata": {
        "id": "vCNFY4EcpzQa",
        "colab": {
          "base_uri": "https://localhost:8080/"
        },
        "outputId": "ad939e22-a8fc-4f36-c2f5-ffcd13a962d0"
      },
      "outputs": [
        {
          "output_type": "stream",
          "name": "stdout",
          "text": [
            "Mounted at /content/drive\n"
          ]
        }
      ],
      "source": [
        "\n",
        "\n",
        "# ==========================================\n",
        "# 2. CONFIGURATION AND UTILITY FUNCTIONS\n",
        "# ==========================================\n",
        "\n",
        "# Mount Google Drive\n",
        "from google.colab import drive\n",
        "drive.mount('/content/drive')\n",
        "DIRECTORY_PATH = \"/content/drive/MyDrive/HEel SPur Study\"\n",
        "\n"
      ]
    },
    {
      "cell_type": "markdown",
      "source": [
        "Load Library"
      ],
      "metadata": {
        "id": "vUvOr6sJ1mVB"
      }
    },
    {
      "cell_type": "code",
      "source": [],
      "metadata": {
        "id": "1yBwBQ-31obt"
      },
      "execution_count": 4,
      "outputs": []
    },
    {
      "cell_type": "code",
      "source": [
        "# ==========================================\n",
        "# UNIVERSAL NLP PREPROCESSING MODULE (BULLETPROOF)\n",
        "# ==========================================\n",
        "import re\n",
        "import nltk\n",
        "from nltk.stem import WordNetLemmatizer\n",
        "from nltk.tokenize import word_tokenize\n",
        "\n",
        "# 1. Safely download ONLY the required processing tools (no stopword corpus needed)\n",
        "for package in ['tokenizers/punkt', 'corpora/wordnet', 'tokenizers/punkt_tab']:\n",
        "    try:\n",
        "        nltk.data.find(package)\n",
        "    except LookupError:\n",
        "        package_name = package.split('/')[-1]\n",
        "        nltk.download(package_name, quiet=True)\n",
        "\n",
        "# 2. Initialize Lemmatizer\n",
        "_lemmatizer = WordNetLemmatizer()\n",
        "\n",
        "# 3. Hardcode standard English stopwords to guarantee removal\n",
        "_base_stopwords = {\n",
        "    'i', 'me', 'my', 'myself', 'we', 'our', 'ours', 'ourselves', 'you', \"you're\", \"you've\", \"you'll\", \"you'd\",\n",
        "    'your', 'yours', 'yourself', 'yourselves', 'he', 'him', 'his', 'himself', 'she', \"she's\", 'her', 'hers',\n",
        "    'herself', 'it', \"it's\", 'its', 'itself', 'they', 'them', 'their', 'theirs', 'themselves', 'what', 'which',\n",
        "    'who', 'whom', 'this', 'that', \"that'll\", 'these', 'those', 'am', 'is', 'are', 'was', 'were', 'be', 'been',\n",
        "    'being', 'have', 'has', 'had', 'having', 'do', 'does', 'did', 'doing', 'a', 'an', 'the', 'and', 'but', 'if',\n",
        "    'or', 'because', 'as', 'until', 'while', 'of', 'at', 'by', 'for', 'with', 'about', 'against', 'between',\n",
        "    'into', 'through', 'during', 'before', 'after', 'above', 'below', 'to', 'from', 'up', 'down', 'in', 'out',\n",
        "    'on', 'off', 'over', 'under', 'again', 'further', 'then', 'once', 'here', 'there', 'when', 'where', 'why',\n",
        "    'how', 'all', 'any', 'both', 'each', 'few', 'more', 'most', 'other', 'some', 'such', 'no', 'nor', 'not',\n",
        "    'only', 'own', 'same', 'so', 'than', 'too', 'very', 's', 't', 'can', 'will', 'just', 'don', \"don't\",\n",
        "    'should', \"should've\", 'now', 'd', 'll', 'm', 'o', 're', 've', 'y', 'ain', 'aren', \"aren't\", 'couldn',\n",
        "    \"couldn't\", 'didn', \"didn't\", 'doesn', \"doesn't\", 'hadn', \"hadn't\", 'hasn', \"hasn't\", 'haven', \"haven't\",\n",
        "    'isn', \"isn't\", 'ma', 'mightn', \"mightn't\", 'mustn', \"mustn't\", 'needn', \"needn't\", 'shan', \"shan't\",\n",
        "    'shouldn', \"shouldn't\", 'wasn', \"wasn't\", 'weren', \"weren't\", 'won', \"won't\", 'wouldn', \"wouldn't\"\n",
        "}\n",
        "\n",
        "# 4. Define custom/domain-specific stopwords here\n",
        "_custom_stopwords = {\n",
        "    'study', 'method', 'result', 'conclusion', 'patient', 'group',\n",
        "    'et', 'al', 'background', 'doi', 'journal', 'significant', 'analysis',\n",
        "    'objective', 'purpose', 'aim', 'introduction', 'materials', 'methods',\n",
        "    'article', 'review', 'author', 'published', 'clinical'\n",
        "}\n",
        "\n",
        "# 5. Combine into final stopword set\n",
        "FINAL_STOPWORDS = _base_stopwords.union(_custom_stopwords)\n",
        "\n",
        "def clean_and_tokenize(text, remove_numbers=True, min_word_length=2):\n",
        "    \"\"\"\n",
        "    A universal text cleaning function.\n",
        "    Takes a raw string and returns a cleaned, lemmatized string without stopwords.\n",
        "    \"\"\"\n",
        "    if not isinstance(text, str):\n",
        "        return \"\"\n",
        "\n",
        "    text = text.lower()\n",
        "\n",
        "    # Noise removal\n",
        "    text = re.sub(r'http\\S+|www\\.\\S+', '', text) # Remove URLs\n",
        "    text = re.sub(r'\\S+@\\S+', '', text)         # Remove emails\n",
        "\n",
        "    if remove_numbers:\n",
        "        text = re.sub(r'\\d+', '', text)         # Remove numbers\n",
        "\n",
        "    # Keep only alphabetic characters and spaces\n",
        "    text = re.sub(r'[^a-z\\s]', ' ', text)\n",
        "\n",
        "    # Tokenize\n",
        "    tokens = word_tokenize(text)\n",
        "\n",
        "    # Filter stopwords, enforce minimum length, and lemmatize\n",
        "    clean_tokens = [\n",
        "        _lemmatizer.lemmatize(token)\n",
        "        for token in tokens\n",
        "        if token not in FINAL_STOPWORDS and len(token) > min_word_length\n",
        "    ]\n",
        "\n",
        "    return \" \".join(clean_tokens)"
      ],
      "metadata": {
        "id": "MMf1Uz6_YZis"
      },
      "execution_count": 5,
      "outputs": []
    },
    {
      "cell_type": "code",
      "execution_count": 6,
      "metadata": {
        "id": "Zi02c29VfRxd",
        "colab": {
          "base_uri": "https://localhost:8080/"
        },
        "outputId": "979a24ba-c7ae-4a35-b258-ff552cc42796"
      },
      "outputs": [
        {
          "output_type": "stream",
          "name": "stdout",
          "text": [
            "Scanning directory: /content/drive/MyDrive/HEel SPur Study...\n",
            "Successfully built corpus with 196 documents.\n"
          ]
        }
      ],
      "source": [
        "# ==========================================\n",
        "# PHASE 1: DATA INGESTION & STRUCTURING\n",
        "# ==========================================\n",
        "\n",
        "\n",
        "# Install PyPDF2 if it's not already installed\n",
        "try:\n",
        "    from PyPDF2 import PdfReader\n",
        "except ImportError:\n",
        "    import subprocess\n",
        "    import sys\n",
        "    subprocess.check_call([sys.executable, \"-m\", \"pip\", \"install\", \"PyPDF2\"])\n",
        "    from PyPDF2 import PdfReader\n",
        "\n",
        "\n",
        "def build_text_corpus(directory_path):\n",
        "    \"\"\"\n",
        "    Machine Learning Data Ingestion Pipeline\n",
        "    1. Detects PDF documents\n",
        "    2. Extracts raw text\n",
        "    3. Cleans empty documents\n",
        "    4. Returns structured corpus as a DataFrame (df)\n",
        "    \"\"\"\n",
        "\n",
        "    if not os.path.exists(directory_path):\n",
        "        raise FileNotFoundError(f\"Directory not found: {directory_path}\")\n",
        "\n",
        "    documents = []\n",
        "\n",
        "    print(f\"Scanning directory: {directory_path}...\")\n",
        "    for filename in os.listdir(directory_path):\n",
        "        if filename.lower().endswith(\".pdf\"):\n",
        "            file_path = os.path.join(directory_path, filename)\n",
        "\n",
        "            try:\n",
        "                reader = PdfReader(file_path)\n",
        "                text = \"\"\n",
        "\n",
        "                for page in reader.pages:\n",
        "                    extracted = page.extract_text()\n",
        "                    if extracted:\n",
        "                        text += extracted + \" \"\n",
        "\n",
        "                # Remove extremely short or empty documents\n",
        "                if len(text.strip()) > 100:\n",
        "                    documents.append({\n",
        "                        \"filename\": filename,\n",
        "                        \"raw_text\": text.strip()\n",
        "                    })\n",
        "\n",
        "            except Exception as e:\n",
        "                print(f\"Error processing {filename}: {e}\")\n",
        "\n",
        "    if len(documents) == 0:\n",
        "        raise ValueError(\"No valid text documents extracted. Check your folder path.\")\n",
        "\n",
        "    df = pd.DataFrame(documents)\n",
        "\n",
        "    print(f\"Successfully built corpus with {len(df)} documents.\")\n",
        "    return df\n",
        "\n",
        "\n",
        "# ---------------------------------------------------------\n",
        "# EXECUTE THE PIPELINE\n",
        "# ---------------------------------------------------------\n",
        "\n",
        "\n",
        "\n",
        "df = build_text_corpus(DIRECTORY_PATH)"
      ]
    },
    {
      "cell_type": "code",
      "source": [
        "# ==========================================\n",
        "# PHASE 2: METADATA EXTRACTION FROM PDF TEXT\n",
        "# ==========================================\n",
        "\n",
        "import re\n",
        "\n",
        "def extract_year(text):\n",
        "    years = re.findall(r\"(19\\d{2}|20\\d{2})\", text)\n",
        "    return years[0] if years else None\n",
        "\n",
        "\n",
        "def extract_title(text):\n",
        "    lines = text.split(\"\\n\")\n",
        "    for line in lines[:10]:  # titles usually appear early\n",
        "        if len(line) > 20 and len(line) < 200:\n",
        "            return line.strip()\n",
        "    return None\n",
        "\n",
        "\n",
        "def extract_authors(text):\n",
        "    # simple heuristic: names separated by commas near beginning\n",
        "    lines = text.split(\"\\n\")[:15]\n",
        "    for line in lines:\n",
        "        if \",\" in line and len(line) < 150:\n",
        "            return line.strip()\n",
        "    return None\n",
        "\n",
        "\n",
        "def extract_citations(text):\n",
        "    match = re.search(r\"cited\\s+by\\s+(\\d+)\", text.lower())\n",
        "    return match.group(1) if match else 0\n",
        "\n",
        "\n",
        "def extract_country(text):\n",
        "    countries = [\n",
        "        \"USA\",\"United States\",\"UK\",\"China\",\"India\",\"Germany\",\"France\",\n",
        "        \"Canada\",\"Japan\",\"Australia\",\"Italy\",\"Spain\",\"Brazil\",\n",
        "        \"Netherlands\",\"Sweden\",\"Switzerland\",\"South Korea\"\n",
        "    ]\n",
        "    for country in countries:\n",
        "        if country.lower() in text.lower():\n",
        "            return country\n",
        "    return None\n",
        "\n",
        "\n",
        "# Apply extraction functions\n",
        "df[\"Title\"] = df[\"raw_text\"].apply(extract_title)\n",
        "df[\"Year\"] = df[\"raw_text\"].apply(extract_year)\n",
        "df[\"Authors\"] = df[\"raw_text\"].apply(extract_authors)\n",
        "df[\"Cited_by\"] = df[\"raw_text\"].apply(extract_citations)\n",
        "df[\"Country\"] = df[\"raw_text\"].apply(extract_country)\n",
        "\n",
        "\n",
        "# Create structured dataset\n",
        "bibliometric_df = df[[\"filename\",\"Title\",\"Authors\",\"Year\",\"Country\",\"Cited_by\"]]\n",
        "\n",
        "print(\"\\nExtracted Bibliometric Information:\")\n",
        "print(bibliometric_df.head())\n",
        "\n",
        "# Optional save\n",
        "bibliometric_df.to_csv(\"heel_spur_bibliometric_data.csv\", index=False)\n",
        "\n",
        "print(\"\\nSaved as heel_spur_bibliometric_data.csv\")"
      ],
      "metadata": {
        "colab": {
          "base_uri": "https://localhost:8080/"
        },
        "id": "EBH0BOQrtmm5",
        "outputId": "19c541b1-7300-40ca-f96b-637c4b71aa0c"
      },
      "execution_count": 7,
      "outputs": [
        {
          "output_type": "stream",
          "name": "stdout",
          "text": [
            "\n",
            "Extracted Bibliometric Information:\n",
            "                                            filename  \\\n",
            "0  Effect of shock wave therapy on pain daily fun...   \n",
            "1  Comparison of corticosteroid injections and co...   \n",
            "2  Use of artificial neural networks to identify ...   \n",
            "3    NON SURGICAL REHABILITATION OF PAINFUL HEEL.pdf   \n",
            "4  Calcaneal Spurs A Potentially Debilitating Dis...   \n",
            "\n",
            "                                               Title  \\\n",
            "0            Health  Promotion and Physical Activity   \n",
            "1  RESEARCH Open Access© The Author(s) 2025. Open...   \n",
            "2  1 Scientific  RepoRts  |          (2019) 9:420...   \n",
            "3  International  Journal  of Academic  Medicine ...   \n",
            "4                                               None   \n",
            "\n",
            "                                             Authors  Year        Country  \\\n",
            "0  Paulina Aleksander-Szymanowicz 1 A–F    , Izab...  2022             UK   \n",
            "1  International License, which permits any non-c...  2025  United States   \n",
            "2  Mengchen Yin1, Junming Ma1, Jinhai Xu1, Lin Li...  2019             UK   \n",
            "3  Amresh Kumar1, Dinesh Prasad Sinha1, Keshav Ku...  2024            USA   \n",
            "4           BY 4.0., which permits unrestricted use,  2022            USA   \n",
            "\n",
            "   Cited_by  \n",
            "0         0  \n",
            "1         0  \n",
            "2         0  \n",
            "3         0  \n",
            "4         0  \n",
            "\n",
            "Saved as heel_spur_bibliometric_data.csv\n"
          ]
        }
      ]
    },
    {
      "cell_type": "code",
      "source": [],
      "metadata": {
        "id": "5TFcNq0y1cI7"
      },
      "execution_count": 7,
      "outputs": []
    },
    {
      "cell_type": "markdown",
      "source": [
        "# 3. Text Preprocessing"
      ],
      "metadata": {
        "id": "V9NbEk3Ow0Z-"
      }
    },
    {
      "cell_type": "code",
      "source": [
        "# ==========================================\n",
        "# PHASE 2: TEXT PREPROCESSING\n",
        "# ==========================================\n",
        "\n",
        "import re\n",
        "import nltk\n",
        "\n",
        "# Download resources (runs once)\n",
        "nltk.download('stopwords')\n",
        "nltk.download('punkt')\n",
        "nltk.download('wordnet')\n",
        "\n",
        "from nltk.corpus import stopwords\n",
        "from nltk.tokenize import word_tokenize\n",
        "from nltk.stem import WordNetLemmatizer\n",
        "\n",
        "stop_words = set(stopwords.words('english'))\n",
        "lemmatizer = WordNetLemmatizer()\n",
        "\n",
        "\n",
        "# ------------------------------------------\n",
        "# Text Cleaning Function\n",
        "# ------------------------------------------\n",
        "\n",
        "def preprocess_text(text):\n",
        "\n",
        "    # Lowercase\n",
        "    text = text.lower()\n",
        "\n",
        "    # Remove numbers\n",
        "    text = re.sub(r'\\d+', '', text)\n",
        "\n",
        "    # Remove punctuation\n",
        "    text = re.sub(r'[^\\w\\s]', '', text)\n",
        "\n",
        "    # Tokenization\n",
        "    tokens = word_tokenize(text)\n",
        "\n",
        "    # Remove stopwords + short tokens\n",
        "    tokens = [w for w in tokens if w not in stop_words and len(w) > 2]\n",
        "\n",
        "    # Lemmatization\n",
        "    tokens = [lemmatizer.lemmatize(w) for w in tokens]\n",
        "\n",
        "    return tokens\n",
        "\n",
        "\n",
        "# ------------------------------------------\n",
        "# Apply preprocessing\n",
        "# ------------------------------------------\n",
        "\n",
        "df[\"tokens\"] = df[\"raw_text\"].apply(preprocess_text)\n",
        "\n",
        "# Create cleaned text column for ML models\n",
        "df[\"clean_text\"] = df[\"tokens\"].apply(lambda x: \" \".join(x))\n",
        "\n",
        "\n",
        "print(\"Text preprocessing complete.\")\n",
        "print(df[[\"filename\",\"clean_text\"]].head())"
      ],
      "metadata": {
        "colab": {
          "base_uri": "https://localhost:8080/"
        },
        "id": "sB0pkXir4EsX",
        "outputId": "26f6aa55-362a-4349-c026-a865738da3ac"
      },
      "execution_count": 8,
      "outputs": [
        {
          "output_type": "stream",
          "name": "stderr",
          "text": [
            "[nltk_data] Downloading package stopwords to /root/nltk_data...\n",
            "[nltk_data]   Package stopwords is already up-to-date!\n",
            "[nltk_data] Downloading package punkt to /root/nltk_data...\n",
            "[nltk_data]   Package punkt is already up-to-date!\n",
            "[nltk_data] Downloading package wordnet to /root/nltk_data...\n",
            "[nltk_data]   Package wordnet is already up-to-date!\n"
          ]
        },
        {
          "output_type": "stream",
          "name": "stdout",
          "text": [
            "Text preprocessing complete.\n",
            "                                            filename  \\\n",
            "0  Effect of shock wave therapy on pain daily fun...   \n",
            "1  Comparison of corticosteroid injections and co...   \n",
            "2  Use of artificial neural networks to identify ...   \n",
            "3    NON SURGICAL REHABILITATION OF PAINFUL HEEL.pdf   \n",
            "4  Calcaneal Spurs A Potentially Debilitating Dis...   \n",
            "\n",
            "                                          clean_text  \n",
            "0  health promotion physical activity issn doi hp...  \n",
            "1  research open access author open access articl...  \n",
            "2  scientific report httpsdoiorgs wwwnaturecomsci...  \n",
            "3  international journal academic medicine pharma...  \n",
            "4  received review began review ended published c...  \n"
          ]
        }
      ]
    },
    {
      "cell_type": "markdown",
      "source": [],
      "metadata": {
        "id": "e7t2CNjc4EPp"
      }
    },
    {
      "cell_type": "code",
      "source": [
        "# ==========================================\n",
        "# PREPROCESSING CHECK\n",
        "# ==========================================\n",
        "\n",
        "print(\"Example Tokens:\")\n",
        "print(df[\"tokens\"].iloc[0][:20])\n",
        "\n",
        "print(\"\\nExample Clean Text:\")\n",
        "print(df[\"clean_text\"].iloc[0][:300])"
      ],
      "metadata": {
        "colab": {
          "base_uri": "https://localhost:8080/"
        },
        "id": "4kET7iCm4LJs",
        "outputId": "055c6374-2cc1-40cf-a05a-cc382326f0bc"
      },
      "execution_count": 9,
      "outputs": [
        {
          "output_type": "stream",
          "name": "stdout",
          "text": [
            "Example Tokens:\n",
            "['health', 'promotion', 'physical', 'activity', 'issn', 'doi', 'hppa', 'effect', 'shock', 'wave', 'therapy', 'pain', 'daily', 'functioning', 'patient', 'heel', 'spur', 'paulina', 'aleksanderszymanowicz', 'izabela']\n",
            "\n",
            "Example Clean Text:\n",
            "health promotion physical activity issn doi hppa effect shock wave therapy pain daily functioning patient heel spur paulina aleksanderszymanowicz izabela oleś katarzyna filarmierzwa joanna grapa aneta bac faculty motor rehabilitation university physical education krakow poland abstract introduction \n"
          ]
        }
      ]
    },
    {
      "cell_type": "markdown",
      "source": [
        "\n",
        "# 4. Exploratory Data Analysis\n"
      ],
      "metadata": {
        "id": "wBX6HXUrw0dr"
      }
    },
    {
      "cell_type": "code",
      "source": [
        "# ==========================================\n",
        "# KEYWORD CO-OCCURRENCE\n",
        "# ==========================================\n",
        "\n",
        "vectorizer = CountVectorizer(\n",
        "    stop_words=\"english\",\n",
        "    max_features=30\n",
        ")\n",
        "\n",
        "X = vectorizer.fit_transform(df[\"clean_text\"])\n",
        "\n",
        "import numpy as np\n",
        "\n",
        "co_occurrence = (X.T * X)\n",
        "\n",
        "co_occurrence.setdiag(0)\n",
        "\n",
        "co_occurrence_matrix = co_occurrence.toarray()\n",
        "\n",
        "print(co_occurrence_matrix)"
      ],
      "metadata": {
        "colab": {
          "base_uri": "https://localhost:8080/"
        },
        "id": "9rXuoRuCqmFY",
        "outputId": "cf5fa7c8-51a6-4455-91e5-da7cbc2e8160"
      },
      "execution_count": 10,
      "outputs": [
        {
          "output_type": "stream",
          "name": "stdout",
          "text": [
            "[[      0   19543   50087   21057   48175   25965   26223   24627   19004\n",
            "    17000   22513  108755   45634  136231   32715   17317  115536   72282\n",
            "    99660   20388   19786   20479   18562   86588   85023   17099   32317\n",
            "    16496   19131   31752]\n",
            " [  19543       0   33012   21368   29433   21099   32695   31184   28491\n",
            "    20087   21394  110045   44935   78803   55759   20032   88821   56682\n",
            "    81076   29210   20695   27235   18920   50748  102715   25132   37834\n",
            "    21137   29647   20210]\n",
            " [  50087   33012       0   33274   59110   48115   59346   42757   31309\n",
            "    37081   46293  288250   75183  176546   97778   33013  210167  118597\n",
            "   166790   46866   32949   47485   35009   71954  171535   36229   60199\n",
            "    27986   34107   38401]\n",
            " [  21057   21368   33274       0   38114   28147   32164   30573   23122\n",
            "    19759   21527  106004   29251  109719   52152   17072   97088   63046\n",
            "    82899   26903   20490   23004   15385   55370   88276   13102   32412\n",
            "    20571   30129   20132]\n",
            " [  48175   29433   59110   38114       0   40123   42643   31188   25646\n",
            "    51064   68048  155810   66017  209539   43698   30816  187821  143556\n",
            "   231455   32477   35236   29591   35876  244338  140350   33184   62545\n",
            "    24814   30495   33745]\n",
            " [  25965   21099   48115   28147   40123       0   39467   34756   23357\n",
            "    17056   23131  148669   41202  193721   64182   21817  163188   78064\n",
            "   101647   31145   23125   29575   17761   48633   99128   17613   40218\n",
            "    21859   26406   28517]\n",
            " [  26223   32695   59346   32164   42643   39467       0   43396   36579\n",
            "    24942   31660  201070   55076  153219  100961   25667  163829   86889\n",
            "   119304   45884   28035   40677   27682   54833  141593   34452   55480\n",
            "    26987   38800   27714]\n",
            " [  24627   31184   42757   30573   31188   34756   43396       0   31206\n",
            "    19191   22504  154326   46678  153333   79412   24171  141268   73455\n",
            "    94529   40410   27861   36084   22444   46405  126280   22556   43732\n",
            "    30308   41806   27195]\n",
            " [  19004   28491   31309   23122   25646   23357   36579   31206       0\n",
            "    17608   28731  118937   54847  113071   52359   23800  133192   69843\n",
            "    86483   27582   30068   33007   19912   45924  112674   47061   60386\n",
            "    24064   32508   20819]\n",
            " [  17000   20087   37081   19759   51064   17056   24942   19191   17608\n",
            "        0   55881   80882   43979  120665   12708   20221  112492   73710\n",
            "   178454   15066   19076   21385   17718   72859   87686   25915   44542\n",
            "    17318   18871   15681]\n",
            " [  22513   21394   46293   21527   68048   23131   31660   22504   28731\n",
            "    55881       0   93459   69138  163757    9789   26854  159429  118461\n",
            "   225615   15680   29065   25899   31092  114480  108508   44245   77493\n",
            "    21317   23345   21241]\n",
            " [ 108755  110045  288250  106004  155810  148669  201070  154326  118937\n",
            "    80882   93459       0  166500  472739  486720   95505  555131  250084\n",
            "   424901  201785   90747  157015   73090  169962  566861   73731  135811\n",
            "    85054  122456   98571]\n",
            " [  45634   44935   75183   29251   66017   41202   55076   46678   54847\n",
            "    43979   69138  166500       0  226501   44206   44679  236521  156529\n",
            "   190604   33134   45653   48704   51772  116590  175294   76146  115205\n",
            "    38674   48211   48102]\n",
            " [ 136231   78803  176546  109719  209539  193721  153219  153333  113071\n",
            "   120665  163757  472739  226501       0   59085  109624 1119527  517247\n",
            "   691049   65876  131987  113818  107182  346287  379675  107884  264551\n",
            "   114960  114728  157054]\n",
            " [  32715   55759   97778   52152   43698   64182  100961   79412   52359\n",
            "    12708    9789  486720   44206   59085       0   35386  142543   46049\n",
            "    98767  125159   35253   76173   16530   17128  276590   19416   34745\n",
            "    39220   68395   30837]\n",
            " [  17317   20032   33013   17072   30816   21817   25667   24171   23800\n",
            "    20221   26854   95505   44679  109624   35386       0  105561   64503\n",
            "    88537   20166   18702   22888   21083   50312   87784   22760   34981\n",
            "    16983   21406   18623]\n",
            " [ 115536   88821  210167   97088  187821  163188  163829  141268  133192\n",
            "   112492  159429  555131  236521 1119527  142543  105561       0  456624\n",
            "   600964   95112  121591  130293  113750  261015  423454  152373  270908\n",
            "   108783  117007  131702]\n",
            " [  72282   56682  118597   63046  143556   78064   86889   73455   69843\n",
            "    73710  118461  250084  156529  517247   46049   64503  456624       0\n",
            "   355902   45231   75876   60469   87549  260126  238854   89870  188818\n",
            "    61748   68263   75988]\n",
            " [  99660   81076  166790   82899  231455  101647  119304   94529   86483\n",
            "   178454  225615  424901  190604  691049   98767   88537  600964  355902\n",
            "        0   76066   91559   93540   88080  375280  375101  100649  200201\n",
            "    73847   85193   91047]\n",
            " [  20388   29210   46866   26903   32477   31145   45884   40410   27582\n",
            "    15066   15680  201785   33134   65876  125159   20166   95112   45231\n",
            "    76066       0   21671   35938   14281   38427  135758   16150   29286\n",
            "    23223   34846   19196]\n",
            " [  19786   20695   32949   20490   35236   23125   28035   27861   30068\n",
            "    19076   29065   90747   45653  131987   35253   18702  121591   75876\n",
            "    91559   21671       0   22613   19426   64679   84565   28996   54381\n",
            "    22755   29047   20891]\n",
            " [  20479   27235   47485   23004   29591   29575   40677   36084   33007\n",
            "    21385   25899  157015   48704  113818   76173   22888  130293   60469\n",
            "    93540   35938   22613       0   22569   34557  126854   34715   42671\n",
            "    23653   31087   22222]\n",
            " [  18562   18920   35009   15385   35876   17761   27682   22444   19912\n",
            "    17718   31092   73090   51772  107182   16530   21083  113750   87549\n",
            "    88080   14281   19426   22569       0   64196   74936   30322   45074\n",
